     26.08
     77.90
    129.47
    181.26
    233.26
    285.48
    337.93
    391.51
    446.25
    501.70
    557.86
    615.22
    674.27
    734.55
    796.56
    860.34
    925.91
    993.80
   1063.55
   1135.70
   1211.28
   1289.84
   1371.98
   1457.75
   1547.25
   1641.59
   1740.39
   1844.28
   1953.94
   2069.01
   2190.73
   2319.33
   2454.51
   2597.62
   2748.97
   2908.92
   3077.83
   3255.52
   3442.44
   3639.04
   3845.84
   4062.80
   4290.54
   4529.06
   4778.44
   5038.74
   5310.03
   5592.29
   5885.53
   6190.49
   6506.37
   6833.12
   7171.55
   7520.65
   7880.30
   8252.25
   8635.29
   9028.08
   9432.36
   9848.95
  10277.61
  10717.97
  11171.06
  11637.93
  12118.41
  12613.85
  13125.91
  13656.75
  14211.17
  14790.86
  15398.65
  16043.72
  16738.78
  17509.31
  18385.88
  19566.50
  21005.49
  22664.55
  24897.11
